0.000000 0.418047 0.706280 0.579841 0.665185 0.578450 0.487239 
0.418047 0.000000 0.898808 0.589396 0.564956 0.065308 0.504146 
0.706280 0.898808 0.000000 0.518068 0.869256 0.381562 0.984764 
0.579841 0.589396 0.518068 0.000000 0.613449 0.547919 0.104579 
0.665185 0.564956 0.869256 0.613449 0.000000 0.085700 0.646655 
0.578450 0.065308 0.381562 0.547919 0.085700 0.000000 0.917187 
0.487239 0.504146 0.984764 0.104579 0.646655 0.917187 0.000000 
0 1 0 0 0 0 1 
1 0 0 0 0 1 0 
0 0 0 0 0 1 0 
0 0 0 0 0 0 1 
0 0 0 0 0 1 0 
0 1 1 0 1 0 0 
1 0 0 1 0 0 0 
0.000000 0.521000 0.724452 0.670796 0.948910 0.960104 0.197596 
0.521000 0.000000 0.630416 0.646976 0.069911 0.017598 0.746619 
0.724452 0.630416 0.000000 0.872868 0.814243 0.223304 0.791809 
0.670796 0.646976 0.872868 0.000000 0.876126 0.729929 0.717122 
0.948910 0.069911 0.814243 0.876126 0.000000 0.943153 0.151736 
0.960104 0.017598 0.223304 0.729929 0.943153 0.000000 0.538260 
0.197596 0.746619 0.791809 0.717122 0.151736 0.538260 0.000000 
0 0 0 0 0 0 1 
0 0 0 1 1 1 0 
0 0 0 0 0 1 0 
0 1 0 0 0 0 0 
0 1 0 0 0 0 1 
0 1 1 0 0 0 0 
1 0 0 0 1 0 0 
0.000000 0.652201 0.327965 0.001110 0.487857 0.573097 0.639191 
0.652201 0.000000 0.517473 0.265463 0.066041 0.102016 0.841182 
0.327965 0.517473 0.000000 0.513263 0.194442 0.386659 0.345321 
0.001110 0.265463 0.513263 0.000000 0.695441 0.482633 0.785563 
0.487857 0.066041 0.194442 0.695441 0.000000 0.412197 0.270010 
0.573097 0.102016 0.386659 0.482633 0.412197 0.000000 0.184653 
0.639191 0.841182 0.345321 0.785563 0.270010 0.184653 0.000000 
0 0 0 1 0 0 0 
0 0 0 1 1 1 0 
0 0 0 0 1 0 0 
1 1 0 0 0 0 0 
0 1 1 0 0 0 0 
0 1 0 0 0 0 1 
0 0 0 0 0 1 0 
0.000000 0.784047 0.677709 0.048133 0.205487 0.470349 0.985575 
0.784047 0.000000 0.803953 0.390150 0.571061 0.883087 0.338359 
0.677709 0.803953 0.000000 0.292486 0.711136 0.258160 0.165320 
0.048133 0.390150 0.292486 0.000000 0.330746 0.566410 0.414861 
0.205487 0.571061 0.711136 0.330746 0.000000 0.568842 0.942058 
0.470349 0.883087 0.258160 0.566410 0.568842 0.000000 0.536799 
0.985575 0.338359 0.165320 0.414861 0.942058 0.536799 0.000000 
0 0 0 1 1 0 0 
0 0 0 0 0 0 1 
0 0 0 1 0 1 1 
1 0 1 0 0 0 0 
1 0 0 0 0 0 0 
0 0 1 0 0 0 0 
0 1 1 0 0 0 0 
0.000000 0.824968 0.384061 0.599922 0.928541 0.437539 0.938780 
0.824968 0.000000 0.045078 0.874975 0.308419 0.071570 0.641649 
0.384061 0.045078 0.000000 0.766662 0.518253 0.632839 0.283072 
0.599922 0.874975 0.766662 0.000000 0.124703 0.344601 0.688864 
0.928541 0.308419 0.518253 0.124703 0.000000 0.841504 0.557774 
0.437539 0.071570 0.632839 0.344601 0.841504 0.000000 0.266043 
0.938780 0.641649 0.283072 0.688864 0.557774 0.266043 0.000000 
0 0 1 0 0 0 0 
0 0 1 0 1 1 0 
1 1 0 0 0 0 0 
0 0 0 0 1 0 0 
0 1 0 1 0 0 0 
0 1 0 0 0 0 1 
0 0 0 0 0 1 0 
0.000000 0.733719 0.173625 0.486553 0.551163 0.885192 0.591234 
0.733719 0.000000 0.963626 0.174071 0.965384 0.468032 0.536726 
0.173625 0.963626 0.000000 0.365513 0.715896 0.534742 0.374508 
0.486553 0.174071 0.365513 0.000000 0.488998 0.797609 0.910428 
0.551163 0.965384 0.715896 0.488998 0.000000 0.688074 0.686845 
0.885192 0.468032 0.534742 0.797609 0.688074 0.000000 0.639803 
0.591234 0.536726 0.374508 0.910428 0.686845 0.639803 0.000000 
0 0 1 0 0 0 0 
0 0 0 1 0 1 0 
1 0 0 1 0 0 1 
0 1 1 0 1 0 0 
0 0 0 1 0 0 0 
0 1 0 0 0 0 0 
0 0 1 0 0 0 0 
0.000000 0.419951 0.180502 0.370193 0.398398 0.163396 0.522642 
0.419951 0.000000 0.401376 0.138354 0.444368 0.360044 0.896387 
0.180502 0.401376 0.000000 0.538481 0.326755 0.897469 0.075413 
0.370193 0.138354 0.538481 0.000000 0.329517 0.570956 0.942016 
0.398398 0.444368 0.326755 0.329517 0.000000 0.625350 0.814174 
0.163396 0.360044 0.897469 0.570956 0.625350 0.000000 0.067559 
0.522642 0.896387 0.075413 0.942016 0.814174 0.067559 0.000000 
0 0 0 0 0 1 0 
0 0 0 1 0 0 0 
0 0 0 0 1 0 1 
0 1 0 0 1 0 0 
0 0 1 1 0 0 0 
1 0 0 0 0 0 1 
0 0 1 0 0 1 0 
0.000000 0.366159 0.209027 0.775322 0.655297 0.252977 0.618301 
0.366159 0.000000 0.349675 0.223890 0.950715 0.159693 0.380493 
0.209027 0.349675 0.000000 0.106814 0.216749 0.399776 0.360752 
0.775322 0.223890 0.106814 0.000000 0.158872 0.826873 0.750314 
0.655297 0.950715 0.216749 0.158872 0.000000 0.703217 0.951169 
0.252977 0.159693 0.399776 0.826873 0.703217 0.000000 0.938704 
0.618301 0.380493 0.360752 0.750314 0.951169 0.938704 0.000000 
0 0 1 0 0 0 0 
0 0 0 1 0 1 0 
1 0 0 1 0 0 1 
0 1 1 0 1 0 0 
0 0 0 1 0 0 0 
0 1 0 0 0 0 0 
0 0 1 0 0 0 0 
0.000000 0.674558 0.948064 0.251234 0.823474 0.609639 0.611906 
0.674558 0.000000 0.754614 0.234643 0.893958 0.175595 0.834769 
0.948064 0.754614 0.000000 0.354586 0.202140 0.996959 0.131108 
0.251234 0.234643 0.354586 0.000000 0.279218 0.043226 0.048135 
0.823474 0.893958 0.202140 0.279218 0.000000 0.680939 0.855635 
0.609639 0.175595 0.996959 0.043226 0.680939 0.000000 0.785360 
0.611906 0.834769 0.131108 0.048135 0.855635 0.785360 0.000000 
0 0 0 1 0 0 0 
0 0 0 0 0 1 0 
0 0 0 0 1 0 1 
1 0 0 0 0 1 1 
0 0 1 0 0 0 0 
0 1 0 1 0 0 0 
0 0 1 1 0 0 0 
0.000000 0.576259 0.996954 0.728613 0.576119 0.721075 0.007069 
0.576259 0.000000 0.303880 0.711627 0.437061 0.867230 0.361214 
0.996954 0.303880 0.000000 0.940373 0.293366 0.998605 0.853724 
0.728613 0.711627 0.940373 0.000000 0.547817 0.027984 0.468447 
0.576119 0.437061 0.293366 0.547817 0.000000 0.892109 0.416925 
0.721075 0.867230 0.998605 0.027984 0.892109 0.000000 0.823137 
0.007069 0.361214 0.853724 0.468447 0.416925 0.823137 0.000000 
0 0 0 0 0 0 1 
0 0 1 0 0 0 1 
0 1 0 0 1 0 0 
0 0 0 0 0 1 1 
0 0 1 0 0 0 0 
0 0 0 1 0 0 0 
1 1 0 1 0 0 0 
0.000000 0.286055 0.311637 0.019998 0.525232 0.693922 0.665550 
0.286055 0.000000 0.950792 0.536907 0.717307 0.194019 0.553375 
0.311637 0.950792 0.000000 0.322689 0.032867 0.417729 0.938657 
0.019998 0.536907 0.322689 0.000000 0.161710 0.222360 0.249196 
0.525232 0.717307 0.032867 0.161710 0.000000 0.958546 0.913094 
0.693922 0.194019 0.417729 0.222360 0.958546 0.000000 0.360370 
0.665550 0.553375 0.938657 0.249196 0.913094 0.360370 0.000000 
0 0 0 1 0 0 0 
0 0 0 0 0 1 0 
0 0 0 0 1 0 0 
1 0 0 0 1 1 1 
0 0 1 1 0 0 0 
0 1 0 1 0 0 0 
0 0 0 1 0 0 0 
0.000000 0.870068 0.431875 0.375254 0.725678 0.016732 0.343728 
0.870068 0.000000 0.036456 0.899187 0.722947 0.603992 0.347131 
0.431875 0.036456 0.000000 0.243461 0.509179 0.835162 0.078435 
0.375254 0.899187 0.243461 0.000000 0.576903 0.495860 0.354401 
0.725678 0.722947 0.509179 0.576903 0.000000 0.699086 0.420268 
0.016732 0.603992 0.835162 0.495860 0.699086 0.000000 0.220762 
0.343728 0.347131 0.078435 0.354401 0.420268 0.220762 0.000000 
0 0 0 0 0 1 0 
0 0 1 0 0 0 0 
0 1 0 1 0 0 1 
0 0 1 0 0 0 0 
0 0 0 0 0 0 1 
1 0 0 0 0 0 1 
0 0 1 0 1 1 0 
0.000000 0.201785 0.803972 0.526895 0.653412 0.846256 0.110880 
0.201785 0.000000 0.609464 0.792724 0.285164 0.232808 0.176907 
0.803972 0.609464 0.000000 0.580447 0.263033 0.660336 0.745495 
0.526895 0.792724 0.580447 0.000000 0.125445 0.894731 0.599832 
0.653412 0.285164 0.263033 0.125445 0.000000 0.105261 0.783037 
0.846256 0.232808 0.660336 0.894731 0.105261 0.000000 0.138864 
0.110880 0.176907 0.745495 0.599832 0.783037 0.138864 0.000000 
0 0 0 0 0 0 1 
0 0 0 0 0 0 1 
0 0 0 0 1 0 0 
0 0 0 0 1 0 0 
0 0 1 1 0 1 0 
0 0 0 0 1 0 1 
1 1 0 0 0 1 0 
0.000000 0.111471 0.054654 0.843504 0.689810 0.166309 0.761106 
0.111471 0.000000 0.304649 0.848302 0.597909 0.546941 0.096225 
0.054654 0.304649 0.000000 0.204055 0.968213 0.143302 0.920364 
0.843504 0.848302 0.204055 0.000000 0.706101 0.601647 0.360748 
0.689810 0.597909 0.968213 0.706101 0.000000 0.968942 0.517819 
0.166309 0.546941 0.143302 0.601647 0.968942 0.000000 0.644841 
0.761106 0.096225 0.920364 0.360748 0.517819 0.644841 0.000000 
0 1 1 0 0 0 0 
1 0 0 0 0 0 1 
1 0 0 1 0 1 0 
0 0 1 0 0 0 0 
0 0 0 0 0 0 1 
0 0 1 0 0 0 0 
0 1 0 0 1 0 0 
0.000000 0.090399 0.133499 0.170825 0.699056 0.957358 0.009396 
0.090399 0.000000 0.798544 0.889724 0.570445 0.497019 0.485359 
0.133499 0.798544 0.000000 0.879253 0.284547 0.712648 0.332271 
0.170825 0.889724 0.879253 0.000000 0.414318 0.512956 0.711333 
0.699056 0.570445 0.284547 0.414318 0.000000 0.879357 0.201632 
0.957358 0.497019 0.712648 0.512956 0.879357 0.000000 0.759424 
0.009396 0.485359 0.332271 0.711333 0.201632 0.759424 0.000000 
0 1 1 1 0 0 1 
1 0 0 0 0 1 0 
1 0 0 0 0 0 0 
1 0 0 0 0 0 0 
0 0 0 0 0 0 1 
0 1 0 0 0 0 0 
1 0 0 0 1 0 0 
0.000000 0.389236 0.405796 0.953753 0.717550 0.332023 0.992666 
0.389236 0.000000 0.855422 0.236849 0.147262 0.508375 0.328342 
0.405796 0.855422 0.000000 0.512128 0.660266 0.848731 0.306672 
0.953753 0.236849 0.512128 0.000000 0.318547 0.179260 0.313005 
0.717550 0.147262 0.660266 0.318547 0.000000 0.975036 0.634426 
0.332023 0.508375 0.848731 0.179260 0.975036 0.000000 0.714532 
0.992666 0.328342 0.306672 0.313005 0.634426 0.714532 0.000000 
0 0 0 0 0 1 0 
0 0 0 1 1 0 0 
0 0 0 0 0 0 1 
0 1 0 0 0 1 1 
0 1 0 0 0 0 0 
1 0 0 1 0 0 0 
0 0 1 1 0 0 0 
0.000000 0.505928 0.149182 0.019188 0.441826 0.001221 0.998135 
0.505928 0.000000 0.199914 0.693774 0.181157 0.859691 0.110713 
0.149182 0.199914 0.000000 0.832892 0.543750 0.313571 0.175107 
0.019188 0.693774 0.832892 0.000000 0.818375 0.010428 0.416827 
0.441826 0.181157 0.543750 0.818375 0.000000 0.201320 0.740105 
0.001221 0.859691 0.313571 0.010428 0.201320 0.000000 0.469771 
0.998135 0.110713 0.175107 0.416827 0.740105 0.469771 0.000000 
0 0 1 0 0 1 0 
0 0 0 0 1 0 1 
1 0 0 0 0 0 1 
0 0 0 0 0 1 0 
0 1 0 0 0 0 0 
1 0 0 1 0 0 0 
0 1 1 0 0 0 0 
0.000000 0.333337 0.499954 0.223487 0.737700 0.442307 0.579819 
0.333337 0.000000 0.003256 0.726601 0.110309 0.940262 0.923110 
0.499954 0.003256 0.000000 0.795479 0.531946 0.778402 0.853047 
0.223487 0.726601 0.795479 0.000000 0.629805 0.567602 0.547981 
0.737700 0.110309 0.531946 0.629805 0.000000 0.480170 0.568010 
0.442307 0.940262 0.778402 0.567602 0.480170 0.000000 0.413164 
0.579819 0.923110 0.853047 0.547981 0.568010 0.413164 0.000000 
0 1 0 1 0 1 0 
1 0 1 0 1 0 0 
0 1 0 0 0 0 0 
1 0 0 0 0 0 0 
0 1 0 0 0 0 0 
1 0 0 0 0 0 1 
0 0 0 0 0 1 0 
0.000000 0.067594 0.499206 0.140789 0.475894 0.794297 0.578494 
0.067594 0.000000 0.310270 0.416163 0.024422 0.599899 0.883160 
0.499206 0.310270 0.000000 0.665750 0.786076 0.084287 0.180702 
0.140789 0.416163 0.665750 0.000000 0.580930 0.031827 0.639282 
0.475894 0.024422 0.786076 0.580930 0.000000 0.674810 0.203925 
0.794297 0.599899 0.084287 0.031827 0.674810 0.000000 0.441621 
0.578494 0.883160 0.180702 0.639282 0.203925 0.441621 0.000000 
0 1 0 1 0 0 0 
1 0 0 0 1 0 0 
0 0 0 0 0 1 1 
1 0 0 0 0 1 0 
0 1 0 0 0 0 0 
0 0 1 1 0 0 0 
0 0 1 0 0 0 0 
0.000000 0.217148 0.550728 0.934597 0.797545 0.530842 0.597099 
0.217148 0.000000 0.702578 0.716786 0.862032 0.835257 0.057725 
0.550728 0.702578 0.000000 0.217949 0.842346 0.670000 0.761395 
0.934597 0.716786 0.217949 0.000000 0.495915 0.820137 0.983066 
0.797545 0.862032 0.842346 0.495915 0.000000 0.054936 0.225539 
0.530842 0.835257 0.670000 0.820137 0.054936 0.000000 0.716248 
0.597099 0.057725 0.761395 0.983066 0.225539 0.716248 0.000000 
0 1 0 0 0 0 0 
1 0 0 0 0 0 1 
0 0 0 1 0 0 0 
0 0 1 0 1 0 0 
0 0 0 1 0 1 1 
0 0 0 0 1 0 0 
0 1 0 0 1 0 0 
